"V1" "V2" "V3" "V4" "V5" "V6" "V7" "V8" "V9" "V10"
"11" 6.38999999999991 5.62999999999992 5.07999999999994 4.68999999999994 4.24999999999995 3.65999999999997 3.05999999999998 2.02 0 0
"13" 7.62999999999988 5.95999999999992 5.46999999999993 4.99999999999994 4.53999999999995 3.98999999999996 3.34999999999997 1.81 0 0
"15" 7.65999999999988 6.46999999999991 5.98999999999992 5.47999999999993 5.03999999999994 4.62999999999995 3.90999999999996 2.52999999999999 0 0
"17" 7.95999999999987 7.00999999999989 6.5599999999999 6.20999999999991 5.83999999999992 5.28999999999993 4.57999999999995 2.94999999999998 0 0
"33" 9.20999999999985 8.00999999999987 7.50999999999988 6.7999999999999 6.32999999999991 5.81999999999992 4.75999999999994 2.51999999999999 0 0
"35" 9.37999999999984 8.05999999999987 7.37999999999989 6.7899999999999 6.36999999999991 5.64999999999992 4.78999999999994 1.69 0 0
"37" 9.78999999999984 8.69999999999986 8.35999999999987 7.89999999999988 7.34999999999989 6.6699999999999 5.91999999999992 4.14999999999996 0 0
"55" 10.4099999999998 9.38999999999984 8.57999999999986 8.06999999999987 7.57999999999988 6.7099999999999 5.62999999999992 1.75 0 0
"57" 10.5899999999998 9.44999999999984 8.94999999999985 8.17999999999987 7.81999999999988 7.08999999999989 6.08999999999991 2.26 0 0
"77" 12.2499999999998 10.3699999999998 9.94999999999983 9.18999999999985 8.71999999999986 7.89999999999988 6.51999999999991 0 0 0
